#t[dni]   x [AU]    y [AU]    z [AU]
0.0000e+00 0.0000e+00 0.0000e+00 0.0000e+00
2.5000e+01 3.1495e-01 3.7628e+00 -2.3674e-01
5.0000e+01 4.5087e-01 7.5178e+00 -4.9647e-01
7.5000e+01 4.1711e-01 1.1229e+01 -7.1444e-01
1.0000e+02 2.5126e-01 1.4866e+01 -8.3269e-01
1.2500e+02 1.3931e-02 1.8414e+01 -8.0916e-01
1.5000e+02 -2.1993e-01 2.1869e+01 -6.2528e-01
1.7500e+02 -3.7308e-01 2.5247e+01 -2.9087e-01
2.0000e+02 -3.8042e-01 2.8578e+01 1.5540e-01
2.2500e+02 -2.0314e-01 3.1901e+01 6.5173e-01
2.5000e+02 1.6166e-01 3.5260e+01 1.1251e+00
2.7500e+02 6.7949e-01 3.8689e+01 1.5068e+00
3.0000e+02 1.2862e+00 4.2211e+01 1.7472e+00
3.2500e+02 1.9025e+00 4.5828e+01 1.8250e+00
3.5000e+02 2.4502e+00 4.9525e+01 1.7497e+00
3.7500e+02 2.8664e+00 5.3273e+01 1.5578e+00
4.0000e+02 3.1127e+00 5.7038e+01 1.3042e+00
4.2500e+02 3.1800e+00 6.0780e+01 1.0531e+00
4.5000e+02 3.0892e+00 6.4465e+01 8.6787e-01
4.7500e+02 2.8874e+00 6.8069e+01 8.0113e-01
5.0000e+02 2.6422e+00 7.1580e+01 8.8658e-01
5.2500e+02 2.4309e+00 7.5002e+01 1.1321e+00
5.5000e+02 2.3279e+00 7.8357e+01 1.5162e+00
5.7500e+02 2.3895e+00 8.1680e+01 1.9901e+00
6.0000e+02 2.6415e+00 8.5013e+01 2.4861e+00
6.2500e+02 3.0718e+00 8.8395e+01 2.9309e+00
6.5000e+02 3.6332e+00 9.1859e+01 3.2617e+00
6.7500e+02 4.2536e+00 9.5419e+01 3.4393e+00
7.0000e+02 4.8522e+00 9.9070e+01 3.4545e+00
7.2500e+02 5.3552e+00 1.0279e+02 3.3281e+00
7.5000e+02 5.7084e+00 1.0655e+02 3.1048e+00
7.7500e+02 5.8845e+00 1.1031e+02 2.8446e+00
8.0000e+02 5.8862e+00 1.1403e+02 2.6122e+00
8.2500e+02 5.7451e+00 1.1769e+02 2.4678e+00
8.5000e+02 5.5173e+00 1.2126e+02 2.4577e+00
8.7500e+02 5.2757e+00 1.2473e+02 2.6060e+00
9.0000e+02 5.0983e+00 1.2813e+02 2.9095e+00
9.2500e+02 5.0541e+00 1.3146e+02 3.3354e+00
9.5000e+02 5.1890e+00 1.3479e+02 3.8263e+00
9.7500e+02 5.5141e+00 1.3813e+02 4.3106e+00
1.0000e+03 6.0031e+00 1.4154e+02 4.7172e+00
