#t[dni]   x [AU]    y [AU]    z [AU]
0.0000e+00 0.0000e+00 0.0000e+00 0.0000e+00
5.0000e+01 6.2635e-01 7.5172e+00 -4.6358e-01
1.0000e+02 5.6501e-01 1.4936e+01 -8.8799e-01
1.5000e+02 1.0197e-01 2.2035e+01 -8.3580e-01
2.0000e+02 -1.9535e-01 2.8800e+01 -1.7180e-01
2.5000e+02 1.5931e-01 3.5454e+01 8.0944e-01
3.0000e+02 1.1861e+00 4.2313e+01 1.5628e+00
3.5000e+02 2.4070e+00 4.9540e+01 1.7166e+00
4.0000e+02 3.2330e+00 5.7029e+01 1.3405e+00
4.5000e+02 3.3711e+00 6.4508e+01 8.5038e-01
5.0000e+02 2.9784e+00 7.1717e+01 7.2466e-01
5.5000e+02 2.5665e+00 7.8570e+01 1.2138e+00
6.0000e+02 2.6929e+00 8.5224e+01 2.1516e+00
6.5000e+02 3.5471e+00 9.1993e+01 3.0297e+00
7.0000e+02 4.7762e+00 9.9107e+01 3.3801e+00
7.5000e+02 5.7735e+00 1.0654e+02 3.1326e+00
8.0000e+02 6.1260e+00 1.1405e+02 2.6235e+00
8.5000e+02 5.8529e+00 1.2136e+02 2.3447e+00
9.0000e+02 5.3813e+00 1.2832e+02 2.6427e+00
9.5000e+02 5.2990e+00 1.3501e+02 3.4864e+00
1.0000e+03 5.9456e+00 1.4171e+02 4.4429e+00
1.0500e+03 7.1227e+00 1.4871e+02 4.9838e+00
1.1000e+03 8.2509e+00 1.5606e+02 4.8984e+00
1.1500e+03 8.8194e+00 1.6358e+02 4.4183e+00
1.2000e+03 8.7073e+00 1.7098e+02 4.0199e+00
1.2500e+03 8.2342e+00 1.7805e+02 4.1240e+00
1.3000e+03 7.9773e+00 1.8479e+02 4.8311e+00
1.3500e+03 8.3965e+00 1.9145e+02 5.8138e+00
1.4000e+03 9.4636e+00 1.9834e+02 6.5248e+00
1.4500e+03 1.0672e+01 2.0560e+02 6.6247e+00
1.5000e+03 1.1445e+01 2.1310e+02 6.2198e+00
