#t[dni]   x [AU]    y [AU]    z [AU]
0.0000e+00 0.0000e+00 0.0000e+00 0.0000e+00
1.0000e+01 1.2527e-01 1.5034e+00 -9.2716e-02
2.0000e+01 2.2272e-01 3.0076e+00 -1.9196e-01
3.0000e+01 2.9166e-01 4.5101e+00 -2.9382e-01
4.0000e+01 3.3226e-01 6.0085e+00 -3.9395e-01
5.0000e+01 3.4568e-01 7.5006e+00 -4.8838e-01
6.0000e+01 3.3341e-01 8.9843e+00 -5.7326e-01
7.0000e+01 2.9795e-01 1.0458e+01 -6.4471e-01
8.0000e+01 2.4239e-01 1.1919e+01 -6.9958e-01
9.0000e+01 1.7014e-01 1.3368e+01 -7.3491e-01
1.0000e+02 8.5490e-02 1.4802e+01 -7.4816e-01
1.1000e+02 -7.1194e-03 1.6222e+01 -7.3772e-01
1.2000e+02 -1.0304e-01 1.7627e+01 -7.0225e-01
1.3000e+02 -1.9708e-01 1.9018e+01 -6.4128e-01
1.4000e+02 -2.8443e-01 2.0395e+01 -5.5520e-01
1.5000e+02 -3.6023e-01 2.1759e+01 -4.4481e-01
1.6000e+02 -4.1969e-01 2.3112e+01 -3.1201e-01
1.7000e+02 -4.5887e-01 2.4455e+01 -1.5930e-01
1.8000e+02 -4.7402e-01 2.5792e+01 1.0386e-02
1.9000e+02 -4.6219e-01 2.7124e+01 1.9311e-01
2.0000e+02 -4.2151e-01 2.8454e+01 3.8481e-01
2.1000e+02 -3.5057e-01 2.9785e+01 5.8105e-01
2.2000e+02 -2.4930e-01 3.1119e+01 7.7698e-01
2.3000e+02 -1.1858e-01 3.2459e+01 9.6807e-01
2.4000e+02 4.0064e-02 3.3808e+01 1.1498e+00
2.5000e+02 2.2378e-01 3.5168e+01 1.3177e+00
2.6000e+02 4.2913e-01 3.6540e+01 1.4684e+00
2.7000e+02 6.5217e-01 3.7926e+01 1.5984e+00
2.8000e+02 8.8801e-01 3.9326e+01 1.7054e+00
2.9000e+02 1.1318e+00 4.0742e+01 1.7878e+00
3.0000e+02 1.3785e+00 4.2172e+01 1.8443e+00
3.1000e+02 1.6227e+00 4.3618e+01 1.8751e+00
3.2000e+02 1.8597e+00 4.5077e+01 1.8808e+00
3.3000e+02 2.0845e+00 4.6548e+01 1.8625e+00
3.4000e+02 2.2929e+00 4.8030e+01 1.8225e+00
3.5000e+02 2.4814e+00 4.9521e+01 1.7634e+00
3.6000e+02 2.6466e+00 5.1019e+01 1.6882e+00
3.7000e+02 2.7862e+00 5.2521e+01 1.6006e+00
3.8000e+02 2.8985e+00 5.4025e+01 1.5042e+00
3.9000e+02 2.9824e+00 5.5529e+01 1.4032e+00
4.0000e+02 3.0379e+00 5.7030e+01 1.3017e+00
4.1000e+02 3.0655e+00 5.8526e+01 1.2037e+00
4.2000e+02 3.0664e+00 6.0014e+01 1.1133e+00
4.3000e+02 3.0429e+00 6.1493e+01 1.0343e+00
4.4000e+02 2.9975e+00 6.2961e+01 9.7025e-01
4.5000e+02 2.9335e+00 6.4417e+01 9.2435e-01
4.6000e+02 2.8550e+00 6.5859e+01 8.9921e-01
4.7000e+02 2.7659e+00 6.7286e+01 8.9691e-01
4.8000e+02 2.6712e+00 6.8699e+01 9.1918e-01
4.9000e+02 2.5756e+00 7.0097e+01 9.6665e-01
5.0000e+02 2.4841e+00 7.1481e+01 1.0396e+00
5.1000e+02 2.4017e+00 7.2852e+01 1.1374e+00
5.2000e+02 2.3331e+00 7.4210e+01 1.2586e+00
5.3000e+02 2.2827e+00 7.5559e+01 1.4011e+00
5.4000e+02 2.2547e+00 7.6899e+01 1.5623e+00
5.5000e+02 2.2520e+00 7.8233e+01 1.7386e+00
5.6000e+02 2.2773e+00 7.9564e+01 1.9262e+00
5.7000e+02 2.3323e+00 8.0894e+01 2.1205e+00
5.8000e+02 2.4176e+00 8.2226e+01 2.3171e+00
5.9000e+02 2.5331e+00 8.3563e+01 2.5114e+00
6.0000e+02 2.6774e+00 8.4907e+01 2.6985e+00
