#t[dni]   x [AU]    y [AU]    z [AU]
0.0000e+00 0.0000e+00 0.0000e+00 0.0000e+00
2.5000e+01 3.1317e-01 3.7586e+00 -2.3179e-01
5.0000e+01 4.4981e-01 7.5105e+00 -4.8563e-01
7.5000e+01 4.1915e-01 1.1220e+01 -6.9783e-01
1.0000e+02 2.5820e-01 1.4858e+01 -8.1151e-01
1.2500e+02 2.6674e-02 1.8408e+01 -7.8541e-01
1.5000e+02 -2.0153e-01 2.1867e+01 -6.0144e-01
1.7500e+02 -3.5019e-01 2.5249e+01 -2.6944e-01
2.0000e+02 -3.5503e-01 2.8584e+01 1.7236e-01
2.2500e+02 -1.7770e-01 3.1911e+01 6.6298e-01
2.5000e+02 1.8469e-01 3.5272e+01 1.1304e+00
2.7500e+02 6.9808e-01 3.8701e+01 1.5071e+00
3.0000e+02 1.2992e+00 4.2221e+01 1.7442e+00
3.2500e+02 1.9096e+00 4.5835e+01 1.8212e+00
3.5000e+02 2.4524e+00 4.9527e+01 1.7476e+00
3.7500e+02 2.8654e+00 5.3272e+01 1.5595e+00
4.0000e+02 3.1109e+00 5.7032e+01 1.3114e+00
4.2500e+02 3.1799e+00 6.0772e+01 1.0663e+00
4.5000e+02 3.0930e+00 6.4456e+01 8.8645e-01
4.7500e+02 2.8966e+00 6.8061e+01 8.2359e-01
5.0000e+02 2.6572e+00 7.1575e+01 9.1067e-01
5.2500e+02 2.4513e+00 7.5001e+01 1.1552e+00
5.5000e+02 2.3520e+00 7.8361e+01 1.5361e+00
5.7500e+02 2.4152e+00 8.1688e+01 2.0050e+00
6.0000e+02 2.6662e+00 8.5023e+01 2.4950e+00
6.2500e+02 3.0933e+00 8.8407e+01 2.9341e+00
6.5000e+02 3.6497e+00 9.1871e+01 3.2605e+00
6.7500e+02 4.2643e+00 9.5428e+01 3.4357e+00
7.0000e+02 4.8573e+00 9.9075e+01 3.4510e+00
7.2500e+02 5.3559e+00 1.0279e+02 3.3272e+00
7.5000e+02 5.7068e+00 1.0655e+02 3.1086e+00
7.7500e+02 5.8831e+00 1.1030e+02 2.8541e+00
8.0000e+02 5.8873e+00 1.1402e+02 2.6276e+00
8.2500e+02 5.7508e+00 1.1768e+02 2.4881e+00
8.5000e+02 5.5288e+00 1.2125e+02 2.4811e+00
8.7500e+02 5.2929e+00 1.2473e+02 2.6301e+00
9.0000e+02 5.1203e+00 1.2813e+02 2.9316e+00
9.2500e+02 5.0792e+00 1.3147e+02 3.3535e+00
9.5000e+02 5.2146e+00 1.3479e+02 3.8389e+00
9.7500e+02 5.5379e+00 1.3814e+02 4.3172e+00
1.0000e+03 6.0228e+00 1.4156e+02 4.7185e+00
