#t[dni]   x [AU]    y [AU]    z [AU]
0.0000e+00 0.0000e+00 0.0000e+00 0.0000e+00
7.5000e+01 9.3952e-01 1.1276e+01 -6.9537e-01
1.5000e+02 4.5667e-01 2.2190e+01 -1.0364e+00
2.2500e+02 1.0691e-02 3.2337e+01 -4.0394e-02
3.0000e+02 1.0979e+00 4.2420e+01 1.3620e+00
3.7500e+02 2.9293e+00 5.3260e+01 1.5927e+00
4.5000e+02 3.6657e+00 6.4541e+01 8.4829e-01
5.2500e+02 3.0766e+00 7.5356e+01 6.5970e-01
6.0000e+02 2.7788e+00 8.5435e+01 1.8022e+00
6.7500e+02 4.0601e+00 9.5588e+01 3.1194e+00
7.5000e+02 5.8391e+00 1.0653e+02 3.1654e+00
8.2500e+02 6.3678e+00 1.1780e+02 2.4019e+00
9.0000e+02 5.7017e+00 1.2851e+02 2.3807e+00
9.7500e+02 5.5782e+00 1.3854e+02 3.6463e+00
1.0500e+03 7.0329e+00 1.4877e+02 4.8501e+00
1.1250e+03 8.7252e+00 1.5980e+02 4.7221e+00
1.2000e+03 9.0463e+00 1.7105e+02 3.9685e+00
1.2750e+03 8.3365e+00 1.8165e+02 4.1247e+00
1.3500e+03 8.4090e+00 1.9164e+02 5.4877e+00
1.4250e+03 1.0010e+01 2.0197e+02 6.5542e+00
1.5000e+03 1.1584e+01 2.1308e+02 6.2659e+00
1.5750e+03 1.1704e+01 2.2428e+02 5.5505e+00
1.6500e+03 1.0986e+01 2.3478e+02 5.8909e+00
1.7250e+03 1.1269e+01 2.4475e+02 7.3228e+00
1.8000e+03 1.2983e+01 2.5519e+02 8.2311e+00
1.8750e+03 1.4412e+01 2.6637e+02 7.8001e+00
1.9500e+03 1.4344e+01 2.7750e+02 7.1517e+00
2.0250e+03 1.3653e+01 2.8789e+02 7.6789e+00
2.1000e+03 1.4155e+01 2.9787e+02 9.1473e+00
2.1750e+03 1.5950e+01 3.0842e+02 9.8810e+00
2.2500e+03 1.7212e+01 3.1965e+02 9.3302e+00
2.3250e+03 1.6971e+01 3.3071e+02 8.7762e+00
2.4000e+03 1.6341e+01 3.4100e+02 9.4856e+00
2.4750e+03 1.7065e+01 3.5101e+02 1.0957e+01
2.5500e+03 1.8905e+01 3.6166e+02 1.1507e+01
2.6250e+03 1.9982e+01 3.7293e+02 1.0862e+01
