#t[dni]   x [AU]    y [AU]    z [AU]
0.0000e+00 0.0000e+00 0.0000e+00 0.0000e+00
1.0000e+00 1.2524e-02 1.5043e-01 -9.4105e-03
2.0000e+00 2.4771e-02 3.0087e-01 -1.8904e-02
3.0000e+00 3.6740e-02 4.5133e-01 -2.8476e-02
4.0000e+00 4.8430e-02 6.0180e-01 -3.8124e-02
5.0000e+00 5.9841e-02 7.5228e-01 -4.7843e-02
6.0000e+00 7.0972e-02 9.0276e-01 -5.7629e-02
7.0000e+00 8.1823e-02 1.0533e+00 -6.7479e-02
8.0000e+00 9.2391e-02 1.2037e+00 -7.7389e-02
9.0000e+00 1.0268e-01 1.3542e+00 -8.7355e-02
1.0000e+01 1.1268e-01 1.5047e+00 -9.7375e-02
1.1000e+01 1.2240e-01 1.6552e+00 -1.0744e-01
1.2000e+01 1.3183e-01 1.8057e+00 -1.1756e-01
1.3000e+01 1.4098e-01 1.9562e+00 -1.2771e-01
1.4000e+01 1.4984e-01 2.1066e+00 -1.3790e-01
1.5000e+01 1.5841e-01 2.2571e+00 -1.4812e-01
1.6000e+01 1.6670e-01 2.4075e+00 -1.5837e-01
1.7000e+01 1.7470e-01 2.5579e+00 -1.6865e-01
1.8000e+01 1.8241e-01 2.7083e+00 -1.7895e-01
1.9000e+01 1.8983e-01 2.8586e+00 -1.8926e-01
2.0000e+01 1.9696e-01 3.0090e+00 -1.9958e-01
