#t[dni]   x [AU]    y [AU]    z [AU]
0.0000e+00 0.0000e+00 0.0000e+00 0.0000e+00
1.0000e+02 1.2527e+00 1.5034e+01 -9.2716e-01
2.0000e+02 3.2660e-01 2.9233e+01 -8.2278e-01
3.0000e+02 1.0359e+00 4.2541e+01 1.1397e+00
4.0000e+02 3.4778e+00 5.6994e+01 1.4474e+00
5.0000e+02 3.7540e+00 7.1952e+01 4.6710e-01
6.0000e+02 2.9301e+00 8.5658e+01 1.4454e+00
7.0000e+02 4.6385e+00 9.9195e+01 3.2016e+00
8.0000e+02 6.6332e+00 1.1406e+02 2.7065e+00
9.0000e+02 6.0871e+00 1.2868e+02 2.1488e+00
1.0000e+03 5.9223e+00 1.4205e+02 3.8362e+00
1.1000e+03 8.2766e+00 1.5605e+02 4.9179e+00
1.2000e+03 9.4135e+00 1.7109e+02 3.9577e+00
1.3000e+03 8.4672e+00 1.8523e+02 4.1659e+00
1.4000e+03 9.3056e+00 1.9855e+02 6.1313e+00
1.5000e+03 1.1723e+01 2.1306e+02 6.3310e+00
1.6000e+03 1.1883e+01 2.2799e+02 5.3771e+00
1.7000e+03 1.1112e+01 2.4165e+02 6.4549e+00
1.8000e+03 1.2925e+01 2.5523e+02 8.1502e+00
1.9000e+03 1.4830e+01 2.7013e+02 7.5756e+00
2.0000e+03 1.4208e+01 2.8470e+02 7.0952e+00
