#t[dni]   x [AU]    y [AU]    z [AU]
0.0000e+00 0.0000e+00 0.0000e+00 0.0000e+00
1.0000e-01 1.2524e-03 1.5043e-02 -9.4105e-04
2.0000e-01 2.4938e-03 3.0080e-02 -1.8825e-03
3.0000e-01 3.7274e-03 4.5111e-02 -2.8193e-03
4.0000e-01 4.9584e-03 6.0137e-02 -3.7482e-03
5.0000e-01 6.1920e-03 7.5161e-02 -4.6697e-03
6.0000e-01 7.4313e-03 9.0189e-02 -5.5871e-03
7.0000e-01 8.6762e-03 1.0522e-01 -6.5058e-03
8.0000e-01 9.9232e-03 1.2026e-01 -7.4310e-03
9.0000e-01 1.1167e-02 1.3531e-01 -8.3657e-03
1.0000e+00 1.2403e-02 1.5035e-01 -9.3094e-03
1.1000e+00 1.3628e-02 1.6540e-01 -1.0259e-02
1.2000e+00 1.4842e-02 1.8044e-01 -1.1208e-02
1.3000e+00 1.6048e-02 1.9547e-01 -1.2153e-02
1.4000e+00 1.7251e-02 2.1050e-01 -1.3090e-02
1.5000e+00 1.8458e-02 2.2552e-01 -1.4019e-02
1.6000e+00 1.9670e-02 2.4055e-01 -1.4945e-02
1.7000e+00 2.0887e-02 2.5559e-01 -1.5871e-02
1.8000e+00 2.2107e-02 2.7063e-01 -1.6805e-02
1.9000e+00 2.3323e-02 2.8567e-01 -1.7748e-02
2.0000e+00 2.4531e-02 3.0072e-01 -1.8699e-02
