#t[dni]   x [AU]    y [AU]    z [AU]
0.0000e+00 0.0000e+00 0.0000e+00 0.0000e+00
5.0000e-02 6.2620e-04 7.5214e-03 -4.7053e-04
1.0000e-01 1.2495e-03 1.5042e-02 -9.4152e-04
1.5000e-01 1.8702e-03 2.2560e-02 -1.4123e-03
2.0000e-01 2.4887e-03 3.0077e-02 -1.8821e-03
2.5000e-01 3.1055e-03 3.7593e-02 -2.3505e-03
3.0000e-01 3.7213e-03 4.5107e-02 -2.8170e-03
3.5000e-01 4.3368e-03 5.2620e-02 -3.2815e-03
4.0000e-01 4.9527e-03 6.0132e-02 -3.7439e-03
4.5000e-01 5.5695e-03 6.7644e-02 -4.2047e-03
5.0000e-01 6.1876e-03 7.5157e-02 -4.6641e-03
5.5000e-01 6.8073e-03 8.2671e-02 -5.1228e-03
6.0000e-01 7.4284e-03 9.0185e-02 -5.5815e-03
6.5000e-01 8.0509e-03 9.7702e-02 -6.0408e-03
7.0000e-01 8.6741e-03 1.0522e-01 -6.5015e-03
7.5000e-01 9.2977e-03 1.1274e-01 -6.9641e-03
8.0000e-01 9.9208e-03 1.2026e-01 -7.4290e-03
8.5000e-01 1.0543e-02 1.2778e-01 -7.8963e-03
9.0000e-01 1.1163e-02 1.3531e-01 -8.3660e-03
9.5000e-01 1.1781e-02 1.4283e-01 -8.8379e-03
1.0000e+00 1.2396e-02 1.5035e-01 -9.3115e-03
