#t[dni]   x [AU]    y [AU]    z [AU]
0.0000e+00 0.0000e+00 0.0000e+00 0.0000e+00
3.0000e+01 3.7581e-01 4.5103e+00 -2.7815e-01
6.0000e+01 4.9759e-01 9.0055e+00 -5.7853e-01
9.0000e+01 3.9119e-01 1.3426e+01 -7.9287e-01
1.2000e+02 1.3725e-01 1.7729e+01 -8.3262e-01
1.5000e+02 -1.4486e-01 2.1901e+01 -6.4971e-01
1.8000e+02 -3.2326e-01 2.5960e+01 -2.5132e-01
2.1000e+02 -2.8777e-01 2.9956e+01 2.9686e-01
2.4000e+02 1.6042e-02 3.3959e+01 8.8463e-01
2.7000e+02 5.6717e-01 3.8037e+01 1.3885e+00
3.0000e+02 1.2747e+00 4.2239e+01 1.7094e+00
3.3000e+02 2.0073e+00 4.6575e+01 1.8017e+00
3.6000e+02 2.6325e+00 5.1021e+01 1.6819e+00
3.9000e+02 3.0512e+00 5.5528e+01 1.4190e+00
4.2000e+02 3.2176e+00 6.0030e+01 1.1146e+00
4.5000e+02 3.1471e+00 6.4467e+01 8.7780e-01
4.8000e+02 2.9115e+00 6.8793e+01 8.0236e-01
5.1000e+02 2.6249e+00 7.2988e+01 9.4479e-01
5.4000e+02 2.4192e+00 7.7064e+01 1.3083e+00
5.7000e+02 2.4112e+00 8.1066e+01 1.8371e+00
6.0000e+02 2.6672e+00 8.5063e+01 2.4268e+00
