#t[dni]   x [AU]    y [AU]    z [AU]
0.0000e+00 0.0000e+00 0.0000e+00 0.0000e+00
1.1000e+01 1.3858e-01 1.6556e+00 -1.0417e-01
2.2000e+01 2.4297e-01 3.3118e+00 -2.1624e-01
3.3000e+01 3.1232e-01 4.9653e+00 -3.3086e-01
4.4000e+01 3.4719e-01 6.6129e+00 -4.4218e-01
5.5000e+01 3.4929e-01 8.2516e+00 -5.4497e-01
6.6000e+01 3.2107e-01 9.8788e+00 -6.3390e-01
7.7000e+01 2.6648e-01 1.1492e+01 -7.0420e-01
8.8000e+01 1.8986e-01 1.3090e+01 -7.5180e-01
9.9000e+01 9.6657e-02 1.4670e+01 -7.7299e-01
1.1000e+02 -7.1051e-03 1.6233e+01 -7.6535e-01
1.2100e+02 -1.1521e-01 1.7777e+01 -7.2704e-01
