#t[dni]   x [AU]    y [AU]    z [AU]
0.0000e+00 0.0000e+00 0.0000e+00 0.0000e+00
2.0000e+01 2.5054e-01 3.0069e+00 -1.8543e-01
4.0000e+01 3.8841e-01 6.0119e+00 -3.8915e-01
6.0000e+01 4.1526e-01 8.9961e+00 -5.7802e-01
8.0000e+01 3.4433e-01 1.1943e+01 -7.2091e-01
1.0000e+02 1.9982e-01 1.4840e+01 -7.9156e-01
1.2000e+02 1.4600e-02 1.7680e+01 -7.7068e-01
1.4000e+02 -1.7347e-01 2.0461e+01 -6.4874e-01
1.6000e+02 -3.2507e-01 2.3189e+01 -4.2796e-01
1.8000e+02 -4.0343e-01 2.5876e+01 -1.2253e-01
2.0000e+02 -3.7977e-01 2.8541e+01 2.4292e-01
2.2000e+02 -2.3791e-01 3.1202e+01 6.3541e-01
2.4000e+02 2.3533e-02 3.3883e+01 1.0176e+00
2.6000e+02 3.9095e-01 3.6602e+01 1.3535e+00
2.8000e+02 8.3702e-01 3.9373e+01 1.6136e+00
3.0000e+02 1.3247e+00 4.2204e+01 1.7783e+00
3.2000e+02 1.8131e+00 4.5095e+01 1.8399e+00
3.4000e+02 2.2628e+00 4.8038e+01 1.8033e+00
3.6000e+02 2.6397e+00 5.1020e+01 1.6851e+00
3.8000e+02 2.9188e+00 5.4024e+01 1.5099e+00
4.0000e+02 3.0866e+00 5.7032e+01 1.3078e+00
4.2000e+02 3.1419e+00 6.0023e+01 1.1117e+00
4.4000e+02 3.0949e+00 6.2981e+01 9.5387e-01
4.6000e+02 2.9669e+00 6.5892e+01 8.6208e-01
4.8000e+02 2.7888e+00 6.8748e+01 8.5748e-01
5.0000e+02 2.5977e+00 7.1544e+01 9.5243e-01
5.2000e+02 2.4329e+00 7.4285e+01 1.1481e+00
5.4000e+02 2.3321e+00 7.6982e+01 1.4333e+00
5.6000e+02 2.3268e+00 7.9650e+01 1.7858e+00
5.8000e+02 2.4369e+00 8.2310e+01 2.1745e+00
6.0000e+02 2.6678e+00 8.4984e+01 2.5631e+00
6.2000e+02 3.0095e+00 8.7691e+01 2.9143e+00
6.4000e+02 3.4381e+00 9.0448e+01 3.1966e+00
6.6000e+02 3.9189e+00 9.3263e+01 3.3875e+00
6.8000e+02 4.4111e+00 9.6139e+01 3.4762e+00
7.0000e+02 4.8746e+00 9.9069e+01 3.4642e+00
7.2000e+02 5.2735e+00 1.0204e+02 3.3652e+00
7.4000e+02 5.5803e+00 1.0504e+02 3.2021e+00
7.6000e+02 5.7780e+00 1.0805e+02 3.0039e+00
7.8000e+02 5.8622e+00 1.1105e+02 2.8030e+00
8.0000e+02 5.8404e+00 1.1402e+02 2.6321e+00
8.2000e+02 5.7312e+00 1.1694e+02 2.5205e+00
8.4000e+02 5.5629e+00 1.1981e+02 2.4914e+00
8.6000e+02 5.3713e+00 1.2262e+02 2.5595e+00
8.8000e+02 5.1959e+00 1.2538e+02 2.7292e+00
9.0000e+02 5.0750e+00 1.2809e+02 2.9925e+00
9.2000e+02 5.0421e+00 1.3076e+02 3.3300e+00
9.4000e+02 5.1207e+00 1.3342e+02 3.7125e+00
9.6000e+02 5.3202e+00 1.3609e+02 4.1046e+00
9.8000e+02 5.6346e+00 1.3879e+02 4.4690e+00
1.0000e+03 6.0433e+00 1.4153e+02 4.7720e+00
1.0200e+03 6.5141e+00 1.4433e+02 4.9883e+00
1.0400e+03 7.0075e+00 1.4719e+02 5.1042e+00
1.0600e+03 7.4822e+00 1.5010e+02 5.1178e+00
1.0800e+03 7.9010e+00 1.5307e+02 5.0397e+00
1.1000e+03 8.2342e+00 1.5606e+02 4.8907e+00
1.1200e+03 8.4616e+00 1.5907e+02 4.6986e+00
1.1400e+03 8.5753e+00 1.6207e+02 4.4952e+00
1.1600e+03 8.5799e+00 1.6505e+02 4.3132e+00
1.1800e+03 8.4914e+00 1.6799e+02 4.1834e+00
1.2000e+03 8.3354e+00 1.7087e+02 4.1308e+00
1.2200e+03 8.1461e+00 1.7370e+02 4.1724e+00
1.2400e+03 7.9626e+00 1.7647e+02 4.3155e+00
1.2600e+03 7.8239e+00 1.7919e+02 4.5556e+00
1.2800e+03 7.7650e+00 1.8187e+02 4.8761e+00
1.3000e+03 7.8126e+00 1.8453e+02 5.2499e+00
1.3200e+03 7.9803e+00 1.8720e+02 5.6430e+00
1.3400e+03 8.2660e+00 1.8988e+02 6.0182e+00
1.3600e+03 8.6525e+00 1.9261e+02 6.3401e+00
1.3800e+03 9.1105e+00 1.9540e+02 6.5810e+00
1.4000e+03 9.6020e+00 1.9824e+02 6.7238e+00
1.4200e+03 1.0085e+01 2.0114e+02 6.7637e+00
1.4400e+03 1.0522e+01 2.0410e+02 6.7081e+00
1.4600e+03 1.0880e+01 2.0708e+02 6.5751e+00
1.4800e+03 1.1137e+01 2.1009e+02 6.3913e+00
1.5000e+03 1.1280e+01 2.1310e+02 6.1877e+00
1.5200e+03 1.1312e+01 2.1608e+02 5.9969e+00
1.5400e+03 1.1246e+01 2.1903e+02 5.8505e+00
1.5600e+03 1.1105e+01 2.2193e+02 5.7755e+00
1.5800e+03 1.0921e+01 2.2477e+02 5.7913e+00
1.6000e+03 1.0731e+01 2.2756e+02 5.9075e+00
1.6200e+03 1.0577e+01 2.3029e+02 6.1231e+00
1.6400e+03 1.0494e+01 2.3298e+02 6.4247e+00
1.6600e+03 1.0512e+01 2.3564e+02 6.7876e+00
1.6800e+03 1.0648e+01 2.3830e+02 7.1791e+00
1.7000e+03 1.0903e+01 2.4098e+02 7.5625e+00
1.7200e+03 1.1266e+01 2.4370e+02 7.9016e+00
1.7400e+03 1.1708e+01 2.4647e+02 8.1659e+00
1.7600e+03 1.2195e+01 2.4930e+02 8.3353e+00
1.7800e+03 1.2684e+01 2.5219e+02 8.4020e+00
1.8000e+03 1.3137e+01 2.5513e+02 8.3702e+00
1.8200e+03 1.3518e+01 2.5811e+02 8.2553e+00
1.8400e+03 1.3802e+01 2.6111e+02 8.0818e+00
1.8600e+03 1.3976e+01 2.6412e+02 7.8802e+00
1.8800e+03 1.4036e+01 2.6711e+02 7.6830e+00
1.9000e+03 1.3994e+01 2.7007e+02 7.5220e+00
1.9200e+03 1.3870e+01 2.7299e+02 7.4259e+00
1.9400e+03 1.3693e+01 2.7584e+02 7.4165e+00
1.9600e+03 1.3501e+01 2.7864e+02 7.5061e+00
1.9800e+03 1.3334e+01 2.8139e+02 7.6963e+00
2.0000e+03 1.3229e+01 2.8409e+02 7.9771e+00
